732
230
935
346
258
359
614
530
710
392
980
993
981
707
570
672
51
33
9
205
890
13
546
713
969
899
219
12
915
813
698
202
338
996
167
96
895
273
526
777
2
998
810
477
154
962
700
891
76
903
389
654
176
436
206
504
518
35
74
518
703
8
123
724
492
129
401
428
719
522
703
810
466
693
595
306
998
834
700
173
369
662
418
965
757
58
479
72
380
420
27
298
9
916
273
253
248
805
473
308
663
842
156
981
623
840
71
79
252
934
437
244
518
835
787
55
978
514
863
161
836
621
620
599
963
76
960
39
492
466
827
349
996
890
55
478
458
489
965
239
214
431
925
490
107
36
670
486
695
332
236
583
318
474
394
175
435
251
749
478
130
570
348
450
573
109
588
413
357
765
485
38
376
570
240
162
863
106
394
815
579
284
301
657
351
788
217
653
16
303
219
606
448
769
303
530
929
513
42
926
807
293
724
720
677
539
65
42
321
996
420
334
602
841
877
538
72
762
800
890
917
577
502
312
480
12
248
552
773
825
65
217
621
950
339
786
134
938
89
799
69
907
782
455
95
344
597
437
726
110
280
295
548
395
903
350
357
145
689
946
630
696
279
291
478
145
610
728
26
774
539
20
687
414
112
638
818
383
624
540
117
953
110
278
960
60
507
493
358
504
857
508
939
378
223
456
352
547
92
358
545
47
707
619
672
984
445
536
878
676
268
213
403
870
55
645
680
744
96
626
144
559
509
296
651
806
195
768
529
151
747
171
542
175
466
50
474
452
660
220
222
428
479
404
572
96
500
474
361
27
954
8
509
680
931
676
349
152
862
983
146
934
348
503
830
400
65
122
326
389
474
199
341
75
838
411
211
736
674
700
6
270
420
451
969
9
925
43
930
457
369
730
90
497
928
346
520
54
841
968
532
723
473
229
242
364
18
586
116
837
243
616
537
207
817
813
400
162
53
16
921
174
712
711
494
499
406
249
517
317
847
478
485
140
982
519
394
821
623
404
394
294
256
25
338
707
838
193
990
987
987
77
387
204
376
424
919
569
521
450
887
744
102
384
511
66
761
958
374
213
370
722
504
488
4
9
557
848
906
343
890
170
6
511
534
330
557
554
555
97
256
527
876
43
717
102
797
220
835
246
73
728
551
514
487
294
171
785
79
27
460
58
108
786
196
713
773
749
817
539
252
574
796
718
789
952
15
180
459
958
533
361
337
130
824
912
666
323
870
795
721
930
136
297
809
904
360
321
818
799
584
237
761
763
780
248
677
163
407
763
195
919
282
574
989
484
156
563
617
683
235
748
881
999
690
243
336
828
3
650
1
842
766
734
320
330
813
232
535
404
545
994
339
177
154
597
6
702
321
385
377
608
617
20
792
487
597
103
246
854
644
408
866
301
579
545
272
360
605
425
132
655
441
895
184
287
768
853
378
612
245
866
15
94
184
979
660
477
506
625
44
481
436
805
449
963
400
914
307
97
340
218
45
818
394
589
897
586
359
932
161
2
197
537
307
387
350
705
179
190
700
107
950
448
830
175
929
61
522
412
616
278
947
45
12
942
782
794
841
791
18
720
196
693
393
770
442
933
976
26
484
304
195
751
104
558
756
491
665
44
224
791
856
744
874
927
265
861
861
400
90
830
260
258
565
175
530
923
181
500
566
31
522
606
161
912
639
11
93
615
781
482
226
337
177
317
707
644
730
73
13
356
335
797
974
923
427
140
163
297
80
92
849
854
644
789
226
661
289
592
142
759
687
619
927
547
977
87
217
586
260
999
789
217
749
428
309
408
442
896
704
925
526
437
8
806
687
913
639
112
176
998
59
33
929
987
308
905
174
672
705
40
997
17
321
636
20
481
61
262
69
136
234
528
204
535
37
819
26
913
717
184
445
929
827
352
157
790
537
440
367
3
61
746
399
331
370
894
373
394
486
707
408
779
112
448
328
794
670
646
325
534
987
607
247
865
34
461
958
526
194
350
726
157
25
622
87
532
639
30
541
796
290
529
809
788
167
872
859
482
506
536
207
931
494
620
107
888
70
189
957
316
472
471
820
557
788
125
251
43
791
910
99
507
525
932
907
186
98
153
674
791
114
57
659
25
161
733
409
253
23
607
88
205
285
78
678
323
51
825
618
351
166
597
492
684
157
559
192
387
629
639
361
614
999
544
995
331
90
892
87
973
780
74
879
698
980
163
513
699
427
624
188
622
57
748
340
907
334
417
398
469
926
807
256
536
315
891
544
512
240
257
868
148
824
288
476
929
448
481
792
698
605
845
982
958
30
756
930
860
994
326
972
534
86
731
840
795
685
702
117
769
438
14
940
842
552
617
219
139
750
775
14
964
182
917
439
812
337
102
716
177
171
166
689
687
319
480
948
723
737
384
76
337
642
614
748
30
799
375
470
386
326
192
908
910
362
221
830
627
92
442
936
244
923
460
190
952
54
182
403
570
85
1
82
613
662
238
771
167
693
174
745
160
408
90
350
160
806
670
117
19
55
486
341
809
851
59
207
186
165
247
313
582
610
428
647
140
103
775
503
981
684
998
849
644
457
973
685
302
378
56
266
704
657
299
494
295
92
643
247
124
587
403
453
345
863
739
965
969
19
272
167
946
930
828
785
207
870
537
208
323
163
559
278
556
715
693
840
832
295
821
248
908
400
725
103
232
743
667
388
727
305
865
352
782
587
458
600
327
360
560
217
190
842
676
120
851
117
724
957
242
909
697
53
626
254
422
16
656
155
978
73
114
217
336
191
588
992
417
649
630
736
853
137
555
641
987
877
146
735
119
604
664
240
955
662
520
957
744
84
357
481
850
643
992
868
160
97
23
543
49
380
782
54
862
526
185
692
511
888
669
985
483
255
607
289
718
557
872
454
508
436
529
430
938
533
411
326
860
10
157
686
372
896
52
417
828
152
818
748
663
946
895
422
815
105
166
511
919
198
87
410
884
499
572
33
980
388
835
917
840
825
327
903
855
824
886
132
423
45
465
903
379
591
222
237
697
261
719
974
369
727
841
501
780
831
670
866
619
961
796
215
615
32
626
469
923
829
484
973
300
219
816
681
461
117
668
276
403
406
560
637
566
302
11
377
765
507
926
873
555
239
154
856
628
685
800
185
142
980
137
756
582
170
540
15
603
2
623
977
84
557
96
427
551
911
576
2
601
315
555
626
175
526
928
793
692
405
842
91
368
326
729
368
792
142
668
635
22
101
506
170
953
278
95
909
943
247
95
101
414
101
908
354
292
106
576
254
429
270
461
222
851
65
372
744
382
630
559
309
323
690
457
557
141
57
658
844
564
990
380
348
282
553
581
566
250
719
795
939
902
75
504
103
783
396
800
645
83
412
923
134
776
981
46
213
663
300
89
196
907
393
253
567
59
24
645
40
356
977
619
472
247
850
121
270
489
456
583
849
601
362
164
405
383
526
558
248
957
909
910
669
326
277
578
567
540
666
570
329
737
470
357
10
236
282
455
409
771
118
383
761
876
656
623
364
910
771
108
542
273
911
484
734
801
910
999
143
236
600
905
943
746
340
135
778
593
37
376
24
314
65
170
791
494
85
41
497
384
122
695
42
686
319
743
59
664
400
845
697
866
260
529
223
604
843
863
999
504
200
264
910
581
688
462
134
464
668
589
281
580
924
699
540
803
904
79
688
942
705
308
428
144
139
343
784
108
377
906
744
291
34
41
290
585
108
996
283
802
795
66
817
746
615
353
447
312
686
809
900
18
448
685
894
762
575
198
375
455
638
480
304
387
687
7
695
178
702
810
450
947
798
993
7
113
728
698
300
904
649
958
481
945
346
870
615
16
505
403
611
772
854
653
675
81
646
756
725
999
709
402
139
78
104
300
859
397
690
90
371
710
23
493
419
148
528
705
389
522
986
347
656
748
878
161
571
913
312
109
666
27
579
881
218
943
224
696
702
508
423
667
95
240
811
250
287
648
68
824
246
404
535
292
988
994
374
253
707
199
37
300
744
396
438
190
557
661
372
902
717
308
331
595
195
455
145
420
714
615
808
263
224
592
302
23
155
676
748
706
226
417
540
552
577
989
291
578
603
835
840
599
894
795
848
852
933
693
582
153
225
243
107
104
583
429
701
123
919
516
369
756
370
513
258
700
490
15
221
933
37
722
119
264
169
905
962
877
240
216
405
485
297
627
145
236
780
752
742
286
223
22
961
993
826
523
407
423
678
848
80
822
100
243
10
896
245
591
532
979
564
195
390
583
234
550
64
778
926
431
314
739
187
404
407
651
279
570
147
360
564
576
163
638
943
510
31
597
786
911
629
28
767
182
381
846
268
142
749
896
554
932
705
593
406
708
399
272
330
613
909
338
350
264
660
565
449
529
852
623
877
423
641
795
939
362
270
913
438
935
18
358
44
291
497
27
1
942
424
281
644
158
780
444
151
697
997
811
981
188
711
460
204
452
299
707
581
394
268
386
924
604
636
649
625
202
109
193
484
510
193
787
430
294
566
588
960
840
501
262
763
227
78
259
894
961
940
619
794
806
482
544
128
697
550
159
609
994
552
235
774
599
541
813
256
457
446
694
189
711
68
169
887
465
700
838
634
909
625
48
365
632
288
37
956
324
770
559
615
879
87
71
115
114
620
891
735
991
43
326
816
135
917
927
693
378
738
360
173
877
533
144
122
531
266
985
889
271
162
853
348
995
211
484
241
758
772
48
315
963
136
58
228
997
906
759
93
855
515
490
809
826
331
296
726
903
432
832
148
598
818
303
368
556
720
581
146
758
980
323
766
253
791
125
945
803
514
290
142
433
261
432
566
239
321
166
168
41
235
67
100
300
338
6
715
208
704
878
817
971
553
483
748
274
281
573
768
635
529
833
905
369
621
589
875
856
289
72
838
64
924
359
995
986
82
749
539
876
635
914
908
63
248
256
419
655
962
130
316
93
74
612
236
876
20
649
331
500
559
776
523
754
982
271
230
73
62
980
76
710
497
722
584
909
121
463
414
737
28
311
157
459
148
840
613
175
938
839
970
752
498
228
507
466
17
764
61
813
990
462
978
145
529
393
565
292
821
43
200
682
546
971
506
708
340
886
58
123
176
490
794
31
893
47
780
184
386
704
492
35
1000
584
731
733
716
880
696
907
812
877
557
441
554
262
208
925
756
230
105
759
646
958
465
753
274
677
238
775
525
50
551
431
1
316
799
671
272
893
860
195
708
302
537
246
980
515
777
342
874
686
277
35
688
732
846
743
656
776
421
860
842
814
512
50
358
862
278
837
587
387
617
760
963
52
579
362
852
464
520
45
15
518
566
474
154
1000
853
99
777
363
916
293
949
640
163
935
226
375
211
640
182
921
209
932
377
212
596
841
49
504
878
916
374
12
202
903
327
146
572
805
705
661
446
284
69
751
381
480
385
279
764
214
370
540
82
672
763
735
661
187
258
684
347
470
922
851
760
943
965
834
658
430
8
612
502
906
718
291
277
746
232
370
398
714
333
271
580
993
647
581
960
475
419
713
54
216
903
267
831
82
108
204
116
961
976
181
855
503
607
907
989
274
72
23
774
392
74
120
233
171
307
822
38
687
222
32
930
409
61
540
14
229
236
922
899
839
779
883
937
801
470
783
102
319
447
933
338
31
968
319
833
545
910
94
940
106
687
67
288
232
970
211
502
307
153
662
53
806
880
866
960
435
564
983
745
211
949
996
734
293
237
286
537
998
980
253
482
534
324
438
634
855
169
904
431
102
69
550
707
299
298
199
375
4
232
240
970
172
804
686
593
526
927
909
149
770
479
458
380
846
131
301
56
969
867
797
688
768
150
857
436
959
710
356
328
732
93
612
212
519
392
691
256
823
508
278
974
60
492
676
399
223
782
356
524
164
547
150
135
285
416
615
505
421
757
133
124
271
20
979
203
930
69
551
984
106
853
674
765
577
931
352
332
741
174
761
666
345
584
884
658
745
912
478
49
988
739
398
110
776
68
318
709
976
140
316
935
667
917
735
465
860
816
514
425
504
641
777
934
969
772
849
675
20
667
32
472
21
834
968
656
87
638
840
870
934
420
929
372
913
798
408
557
493
111
513
507
542
536
981
73
152
314
37
876
938
4
917
484
137
331
141
225
152
947
566
31
224
226
427
58
108
217
576
908
866
69
911
212
845
518
362
220
349
587
75
977
103
198
524
962
987
920
830
908
652
105
665
694
36
37
358
817
777
365
590
323
66
5
642
139
755
294
493
356
426
492
978
931
516
800
464
666
281
602
473
457
303
577
355
533
822
367
108
944
272
390
686
725
708
877
805
388
511
698
710
795
105
926
670
494
407
251
336
153
40
507
797
355
936
339
327
621
710
841
225
310
782
487
7
35
4
76
348
115
766
715
102
475
743
615
158
97
63
254
874
963
369
300
918
593
993
729
969
622
549
555
779
675
215
216
665
710
816
321
981
798
828
470
598
347
735
382
257
780
96
520
919
77
992
334
576
348
542
249
805
972
723
1000
737
500
180
893
368
946
710
748
756
670
214
152
79
781
149
13
13
676
589
306
53
125
145
61
619
337
136
406
543
407
926
214
314
946
26
980
80
776
6
172
562
295
804
852
857
281
125
213
334
377
101
621
126
1
424
471
478
202
357
209
249
548
260
902
313
860
110
262
121
909
129
202
414
736
419
535
141
788
123
416
146
425
814
748
937
514
638
621
66
142
56
687
591
198
67
259
720
458
21
234
18
901
798
555
694
299
587
918
297
259
424
204
435
58
835
595
949
823
826
2
231
17
599
710
419
447
600
235
127
618
338
224
635
195
718
815
473
69
41
200
801
433
293
168
384
402
905
753
997
434
160
230
169
970
875
701
2
498
45
48
679
156
216
507
530
152
723
548
833
591
49
557
988
643
622
214
164
222
178
499
828
151
549
292
996
537
13
948
159
953
210
826
985
605
360
944
931
221
137
594
493
409
966
353
359
870
491
226
678
289
124
191
464
181
202
895
435
639
238
994
396
178
754
391
58
426
551
926
654
636
142
113
949
110
996
208
901
522
852
401
924
480
22
897
114
567
684
79
701
680
19
266
194
515
650
338
994
346
238
805
539
623
543
987
705
658
332
181
372
642
845
781
867
353
965
857
801
489
20
369
665
802
669
770
397
958
269
827
763
496
446
137
788
919
978
456
436
951
654
955
366
744
524
19
828
201
184
905
138
45
238
242
782
178
190
309
105
707
374
576
638
640
878
544
277
760
376
305
387
320
568
887
754
337
819
873
700
180
136
673
442
715
314
586
171
802
19
765
362
987
740
534
108
81
249
931
35
216
717
353
684
10
739
302
194
173
987
846
127
824
317
361
403
49
83
775
668
258
981
944
512
660
454
828
825
295
615
940
94
219
661
517
65
243
344
801
888
47
714
121
261
651
745
950
63
648
338
419
334
65
128
786
700
873
104
115
169
387
127
738
996
106
900
848
4
984
343
213
445
671
317
790
741
236
856
778
443
938
349
50
64
840
801
95
912
302
701
141
860
374
628
45
62
774
131
997
600
384
335
627
620
840
688
898
992
509
230
359
154
109
57
283
684
698
97
507
13
26
232
190
387
437
228
467
568
839
324
992
617
116
142
565
406
813
903
488
700
339
668
996
486
725
428
982
244
733
386
490
11
593
999
538
113
467
62
363
959
843
802
318
410
549
939
166
573
896
338
998
312
124
311
622
900
448
753
280
479
873
831
663
213
485
561
632
322
493
62
597
894
432
678
38
212
752
350
387
656
73
460
224
212
943
317
738
337
532
567
191
866
413
838
238
691
666
733
659
603
866
275
577
363
350
656
941
263
639
246
251
725
942
167
64
28
972
99
92
152
14
611
90
552
73
469
716
748
473
140
519
988
95
384
80
97
853
218
78
333
537
994
398
423
487
921
976
430
617
629
384
70
188
183
330
941
903
68
757
40
352
48
434
388
939
867
75
92
626
963
744
408
78
816
576
39
893
801
466
890
804
746
635
80
833
415
304
673
147
505
614
148
483
531
545
344
638
81
883
582
547
880
134
479
959
954
615
220
255
316
576
790
987
508
816
673
41
257
526
930
682
719
139
167
868
224
729
839
464
291
503
10
187
481
958
183
964
364
485
111
740
389
148
727
84
914
248
442
992
181
276
922
650
83
712
240
164
702
959
72
12
184
931
534
431
117
523
762
771
51
725
63
435
748
90
573
159
187
937
769
365
582
656
442
77
938
366
433
404
716
483
16
472
716
950
943
280
918
159
184
979
545
636
836
744
384
370
614
596
690
485
983
815
803
137
558
156
665
696
168
165
375
522
724
996
154
184
758
275
25
885
552
151
354
8
42
21
564
820
369
5
535
278
435
781
198
661
411
825
658
684
879
416
736
794
810
395
388
856
173
719
998
418
93
843
721
862
90
479
554
997
327
508
101
258
13
489
304
610
520
168
479
966
22
620
466
825
501
11
468
639
53
739
292
17
753
478
360
222
147
833
606
893
90
440
747
523
754
920
851
728
622
449
415
259
480
224
350
593
314
357
967
655
816
66
702
745
9
270
677
926
797
745
23
291
886
857
651
805
157
875
631
51
44
550
194
185
699
549
746
79
870
215
483
348
18
456
326
762
701
368
399
139
240
92
107
917
736
957
751
264
870
632
750
987
92
502
269
847
414
747
429
399
907
351
66
776
688
392
379
824
401
305
712
654
663
562
257
732
197
9
399
96
709
726
457
577
411
652
786
693
970
401
392
394
824
518
581
491
862
261
817
764
63
226
735
931
413
102
247
794
546
311
211
34
856
170
174
566
176
175
231
61
340
113
717
193
754
229
477
502
702
555
369
490
79
553
35
579
685
931
777
452
72
969
778
131
177
662
818
2
533
739
770
60
227
962
573
398
866
520
755
87
332
464
998
181
729
826
576
413
916
168
895
678
515
503
987
953
831
456
85
941
848
25
500
168
128
551
698
301
882
896
200
300
984
994
672
998
109
859
708
24
856
540
701
74
226
581
542
805
849
846
241
353
253
754
686
736
645
220
173
64
110
612
211
65
65
325
969
662
521
508
788
445
824
83
284
881
3
728
505
509
368
450
964
893
153
326
368
546
896
951
346
94
431
112
702
177
462
238
592
71
470
976
254
880
711
551
331
527
30
350
515
315
611
427
691
449
156
76
866
838
763
892
313
303
621
528
374
818
88
105
974
929
470
393
466
754
88
728
160
88
43
993
863
10
78
11
393
247
547
208
652
194
411
567
980
949
706
665
886
676
987
879
430
439
509
127
607
587
713
498
513
236
427
225
460
186
442
457
252
966
664
592
358
9
86
342
461
894
105
540
19
349
775
94
289
24
990
829
964
874
360
271
547
775
360
21
651
849
524
804
657
167
109
346
518
789
651
30
737
777
964
919
595
148
588
916
495
655
560
741
804
212
767
756
837
357
652
243
40
425
994
758
832
576
163
809
302
173
922
951
814
794
725
429
587
377
120
452
528
707
766
879
679
888
239
109
562
117
449
827
902
681
524
490
848
200
634
524
558
813
307
946
344
733
837
318
327
891
976
739
659
523
508
570
707
706
139
197
403
604
614
773
895
807
245
786
211
176
232
995
55
965
595
579
679
127
14
914
722
567
830
826
386
307
624
969
335
823
177
158
669
995
847
833
777
242
859
723
638
168
612
456
279
400
791
363
478
644
833
669
903
275
314
330
134
361
432
129
127
360
833
702
739
26
163
181
990
799
59
806
318
26
129
817
189
708
581
201
157
271
61
926
234
342
892
621
515
871
855
705
871
529
579
308
412
777
16
756
506
190
98
868
107
808
55
784
244
721
585
837
98
422
895
803
964
865
868
940
509
507
27
537
53
770
182
7
125
211
635
407
333
101
85
181
420
147
339
454
98
966
225
28
765
562
362
102
797
621
849
69
339
310
864
471
90
978
108
119
272
141
483
740
360
406
42
248
904
324
524
343
400
165
701
533
396
543
409
351
462
249
976
202
273
934
834
640
678
268
933
974
316
120
553
642
69
131
514
958
556
231
425
182
414
242
720
49
525
544
758
735
257
18
159
626
150
739
945
91
745
815
961
832
804
940
298
339
314
851
442
597
488
487
761
393
917
250
382
706
390
128
536
252
855
176
433
786
964
411
932
785
904
655
71
977
343
301
584
609
170
828
7
756
500
702
238
542
634
255
353
247
430
98
696
491
884
93
374
430
645
867
485
618
355
214
83
252
907
129
276
214
566
329
330
829
159
846
933
704
182
30
235
563
294
602
141
459
811
501
397
82
296
766
615
664
390
617
978
272
605
412
940
538
101
656
933
948
749
897
320
520
68
711
2
436
205
58
126
819
212
240
976
506
621
851
40
835
957
498
212
362
137
232
573
35
355
663
841
625
420
784
73
236
233
443
384
23
785
259
750
265
101
780
396
139
213
285
624
926
704
556
622
368
42
391
742
518
408
138
779
666
625
96
238
982
581
199
490
973
124
680
866
487
707
366
304
166
628
277
799
143
990
766
995
70
75
521
25
840
884
948
13
296
638
557
488
640
476
460
840
535
118
908
397
801
797
658
435
210
678
768
138
108
190
655
861
59
602
792
706
946
901
729
997
882
808
600
778
534
722
421
377
893
795
658
169
997
959
213
247
862
326
975
119
362
997
874
93
336
323
292
866
750
250
277
978
485
486
432
139
28
943
463
532
17
783
909
180
604
391
548
250
818
932
340
880
666
185
664
167
521
348
190
985
607
85
275
420
86
545
732
354
983
187
506
523
575
869
748
92
307
361
602
108
195
767
517
966
370
653
750
8
783
584
961
361
346
236
388
54
685
521
29
788
108
72
20
79
195
417
489
816
844
860
1000
125
796
277
230
196
935
574
454
18
436
948
220
18
747
699
336
814
859
811
895
768
659
296
638
189
34
663
281
903
873
488
95
327
950
61
691
203
846
457
770
626
638
272
624
976
203
809
858
633
347
166
53
191
777
235
348
501
396
989
837
157
99
980
610
884
15
132
63
224
222
92
113
691
289
859
425
650
573
42
192
871
84
902
648
261
839
6
235
539
384
503
159
265
226
107
515
539
508
251
667
596
801
692
659
720
662
821
337
51
986
60
407
217
204
884
255
890
530
708
741
422
92
906
338
172
399
102
943
287
244
669
71
718
267
768
794
774
848
127
140
614
297
405
506
180
417
742
446
766
554
920
888
60
311
612
246
567
819
735
533
251
496
254
546
277
545
925
733
103
721
811
830
465
649
752
500
62
213
892
323
609
177
307
702
819
470
611
259
814
468
177
58
213
381
652
374
828
659
85
551
274
321
303
30
708
365
938
126
475
802
275
564
978
882
458
328
905
426
13
830
509
942
13
687
441
214
715
18
500
188
323
212
457
681
329
597
472
456
974
395
9
465
969
925
460
472
201
512
658
865
750
97
954
307
122
923
765
551
175
202
460
479
218
211
608
177
27
270
567
108
17
709
837
222
832
298
714
270
994
242
269
734
938
454
536
835
220
527
798
710
767
496
349
763
613
673
742
183
946
544
236
401
550
756
511
387
280
293
534
93
240
619
451
852
659
800
892
37
352
446
976
967
131
140
1
567
877
591
776
900
927
791
207
180
314
855
958
132
274
46
986
258
374
212
506
277
279
292
920
713
792
266
415
518
797
254
652
813
859
913
828
810
998
797
482
740
944
160
271
502
141
988
267
245
57
138
27
585
392
417
348
994
361
883
635
942
577
405
215
842
946
435
25
479
797
571
347
777
338
352
608
162
541
237
194
239
761
196
922
163
929
476
449
278
639
660
64
409
144
238
381
448
147
741
763
864
668
350
49
63
297
122
711
886
911
642
356
156
258
506
22
181
53
558
524
822
850
186
89
875
743
315
525
408
423
452
371
779
879
629
944
179
943
653
874
954
27
337
987
666
57
290
548
715
795
437
176
428
555
347
326
374
597
381
809
837
380
552
21
666
678
190
393
515
218
151
257
631
714
828
381
183
915
152
232
777
879
56
328
576
758
985
815
5
654
48
487
622
971
991
394
750
842
925
734
249
714
521
347
176
700
398
39
742
623
208
737
461
421
863
159
549
393
800
714
527
868
243
518
579
613
369
820
430
659
215
254
601
61
553
282
688
473
709
580
511
579
148
151
951
413
11
138
634
817
313
756
666
321
169
363
210
33
519
900
552
465
23
756
688
407
746
639
28
196
811
753
362
80
816
152
474
197
97
411
218
331
630
62
519
41
925
289
479
927
621
272
49
538
735
487
857
560
520
404
971
362
980
53
327
480
604
268
215
376
519
795
621
836
352
504
65
389
551
819
173
8
840
571
569
903
997
896
413
465
667
635
399
75
473
665
849
115
8
226
424
973
850
546
797
138
984
52
203
547
851
122
371
161
830
27
879
611
200
963
398
264
158
699
566
870
285
930
117
862
417
985
333
531
987
386
966
538
495
298
611
137
265
629
859
487
503
475
529
859
111
971
515
430
14
724
973
51
49
115
84
43
827
836
569
530
618
605
367
516
669
491
119
923
730
348
121
794
238
29
549
840
104
176
254
60
168
552
335
629
984
545
638
338
609
120
223
102
875
349
352
582
167
415
689
7
529
777
518
195
720
569
165
256
795
797
383
514
260
482
123
339
524
115
256
446
581
897
337
742
902
174
225
436
738
932
369
132
182
676
448
305
941
161
135
111
729
228
186
898
735
328
240
339
285
117
342
750
662
986
354
813
63
397
504
853
561
138
334
787
413
955
244
343
766
700
973
579
336
329
330
304
525
434
921
986
915
1
51
341
447
202
467
813
135
593
229
1
194
330
217
827
404
299
982
230
465
376
757
123
964
343
716
690
971
70
679
457
945
384
25
379
11
928
498
474
204
253
285
104
271
39
977
232
791
322
930
835
964
131
984
314
661
183
679
645
362
618
957
430
517
372
812
32
925
573
985
453
897
291
282
703
466
458
157
392
275
555
452
34
480
318
136
408
704
163
514
702
371
140
300
535
209
906
528
494
194
122
118
2
647
24
973
226
986
514
762
97
165
671
53
48
14
911
579
642
565
404
124
252
836
515
109
573
219
383
658
77
236
315
611
539
549
204
82
581
112
223
684
9
223
10
250
901
218
772
470
690
38
428
991
153
80
914
595
200
815
33
384
657
791
796
303
429
647
968
219
166
25
168
756
563
256
740
921
578
3
238
878
784
968
836
141
101
279
109
317
264
451
17
768
111
556
224
90
731
212
352
407
681
118
669
523
815
753
695
950
492
974
243
943
807
843
288
916
562
306
949
682
31
891
287
946
675
568
946
402
803
297
362
336
635
129
422
822
478
298
161
465
332
703
237
98
961
707
464
544
833
181
824
28
203
854
160
726
320
191
149
671
120
819
434
26
949
86
92
198
742
144
814
705
684
947
123
455
220
895
993
355
294
491
571
537
681
814
471
672
892
799
340
176
561
607
344
324
54
140
670
699
612
863
499
523
178
957
514
455
853
208
870
775
557
524
977
230
403
526
100
687
315
41
548
262
308
772
279
422
624
476
731
542
698
354
614
819
743
823
690
842
914
882
307
765
658
20
434
112
7
985
582
5
132
490
550
828
30
708
953
375
976
693
835
140
385
985
542
430
699
430
297
388
374
480
298
528
67
484
909
231
590
411
190
22
925
142
232
55
862
868
105
973
493
962
135
217
805
584
50
563
914
312
63
127
299
593
756
200
280
750
131
108
647
858
374
197
244
647
612
244
477
382
42
963
42
308
49
867
704
498
220
946
321
65
227
354
191
143
254
395
909
808
995
296
224
255
459
664
37
769
232
719
92
238
397
15
474
315
600
904
544
140
215
916
920
569
92
383
779
86
868
402
437
481
709
268
938
233
713
339
732
631
396
762
467
629
981
981
940
525
71
58
926
911
447
696
677
156
276
95
273
626
907
63
491
580
539
476
724
383
851
519
565
31
537
877
139
255
169
28
141
569
977
60
538
844
520
275
680
401
268
91
268
108
474
112
922
125
920
463
332
345
303
576
975
648
169
112
604
650
349
295
146
958
458
494
455
51
282
957
489
96
667
969
562
429
431
744
252
205
124
624
931
198
526
954
94
83
881
907
246
730
931
812
657
842
206
236
713
164
38
434
888
848
382
579
791
977
689
931
567
817
126
296
501
472
687
72
849
250
974
139
813
920
843
634
732
358
516
135
822
297
716
41
242
189
335
447
653
915
434
564
363
454
874
4
852
938
507
841
816
567
500
283
675
645
406
589
608
93
397
873
174
349
207
354
120
851
287
771
483
981
104
557
307
677
855
832
629
603
708
404
173
683
92
296
911
190
147
331
895
285
474
555
726
885
807
618
689
192
480
43
534
699
801
801
913
420
360
12
996
868
383
668
611
434
981
75
543
32
718
480
492
81
980
947
985
833
937
474
848
196
949
259
535
854
414
388
233
125
618
29
815
100
109
698
152
4
40
375
695
379
408
328
168
635
1000
941
994
679
531
168
645
416
199
353
720
698
80
646
519
374
559
290
934
481
345
242
289
334
696
91
699
472
459
765
135
20
548
750
7
994
976
942
355
872
477
247
908
677
914
804
705
64
162
754
743
394
903
136
363
355
552
839
15
913
908
34
494
1000
341
272
491
192
391
530
869
360
342
408
662
27
382
409
57
894
867
86
326
358
892
589
954
533
368
994
105
107
688
960
962
374
611
889
132
743
780
444
7
83
492
794
659
75
730
109
647
794
191
815
764
697
145
14
61
482
160
527
262
25
356
855
866
851
471
866
348
307
818
514
166
52
14
479
905
399
302
782
514
823
690
968
900
30
72
940
768
972
91
14
837
788
541
737
32
728
17
175
833
263
779
686
7
442
204
159
262
865
297
44
149
659
655
742
275
508
246
943
856
355
402
699
799
120
816
172
255
304
802
128
336
135
658
56
577
24
341
703
622
805
35
351
647
471
876
959
540
156
533
722
856
88
315
660
895
458
944
452
777
282
715
508
474
413
765
156
607
311
737
382
664
42
123
283
171
461
533
297
980
25
97
635
116
915
530
133
824
756
205
460
742
372
469
617
681
35
402
305
132
989
356
360
913
385
90
104
343
209
69
915
534
128
73
669
713
10
53
161
739
858
255
254
912
303
936
641
468
674
696
735
730
188
786
522
879
11
976
496
415
825
261
195
633
897
830
110
431
946
960
933
256
909
293
338
617
564
952
781
960
941
5
60
745
768
115
284
274
973
541
359
924
47
839
257
368
102
198
847
801
267
715
845
487
122
315
634
982
548
129
252
397
528
440
114
205
259
63
681
374
957
724
57
254
395
591
598
637
705
395
10
24
546
388
466
808
106
654
758
900
967
90
669
482
363
121
336
631
659
781
73
29
494
280
129
748
353
28
365
95
479
15
73
675
730
115
304
946
434
763
650
438
770
985
200
514
379
320
305
616
189
816
353
586
286
301
353
729
446
294
92
215
532
430
620
45
133
238
871
318
304
2
411
958
613
720
262
170
706
819
548
153
280
858
693
357
538
503
801
958
280
472
417
484
368
276
689
431
235
533
397
957
434
157
519
745
734
703
233
501
478
510
346
276
677
529
519
988
479
16
920
983
464
886
318
378
287
105
487
361
191
540
457
862
389
624
50
827
310
424
51
235
193
68
967
118
307
444
122
135
7
430
62
464
442
367
836
758
668
115
536
324
81
400
291
223
585
764
95
122
381
750
832
218
434
610
42
71
241
170
215
179
829
852
327
53
57
784
255
706
51
415
988
276
235
298
168
504
475
545
654
76
802
18
241
919
231
286
773
153
593
731
976
286
947
341
932
503
864
303
867
669
335
477
31
25
13
167
403
469
87
638
565
914
506
217
708
699
446
478
282
110
305
669
651
694
788
839
981
646
264
339
942
491
545
238
806
682
391
584
720
888
893
537
516
720
450
651
402
629
561
754
385
527
595
104
124
953
129
170
912
376
217
481
941
341
431
887
23
801
780
915
575
77
350
273
842
934
137
871
260
344
993
673
937
320
965
826
239
936
883
950
672
543
471
619
191
98
763
43
529
69
146
732
44
581
4
130
804
957
328
974
829
308
721
108
603
748
875
601
55
769
200
15
518
698
737
12
706
568
699
610
278
902
512
339
117
796
549
317
23
269
719
666
401
515
341
148
589
415
633
755
231
764
222
838
114
309
216
959
346
51
461
919
455
237
773
914
529
607
971
913
992
257
656
619
814
320
634
274
616
647
232
930
962
272
769
842
252
190
641
666
98
917
469
144
53
448
476
716
638
336
186
293
429
974
338
296
902
555
331
520
825
705
497
809
538
213
902
162
25
825
678
232
501
366
607
95
51
179
395
388
181
657
184
499
749
231
558
182
242
588
418
730
576
841
145
686
117
761
397
44
920
774
709
171
826
405
36
417
105
540
395
210
595
445
628
700
416
526
527
133
356
126
276
237
939
373
313
696
9
114
274
942
384
599
41
452
303
827
742
971
580
54
76
530
465
255
787
1000
163
552
502
201
890
809
553
945
510
52
488
50
349
717
517
114
366
825
781
982
986
459
573
893
619
468
101
648
159
220
779
929
790
284
51
847
683
93
980
184
405
40
215
627
998
490
989
10
608
830
794
58
94
301
214
340
972
638
327
377
977
727
462
331
387
332
712
243
258
302
601
761
810
458
740
226
257
678
419
830
69
794
746
588
734
450
326
184
38
470
619
617
189
727
108
922
333
692
930
694
664
272
246
800
699
68
376
671
43
278
358
198
568
747
38
740
552
720
369
748
428
609
2
327
336
192
758
605
427
787
353
579
115
77
479
615
609
797
956
738
111
274
163
514
600
213
290
605
636
274
655
82
438
313
341
375
354
84
198
45
600
875
640
89
93
937
821
356
352
971
673
559
885
340
66
396
833
402
554
13
701
257
478
744
3
202
585
912
148
791
132
627
842
300
400
650
480
757
529
567
893
489
364
80
632
193
104
895
66
321
503
944
933
258
204
780
517
555
796
544
154
289
960
225
910
98
643
103
75
941
177
613
597
555
265
657
950
839
60
232
462
250
369
48
487
25
146
573
283
801
156
541
922
104
193
867
446
86
176
20
688
829
253
860
770
722
461
237
365
583
1
209
723
205
235
315
849
690
666
977
535
935
434
899
561
126
686
18
793
991
724
964
381
467
351
539
345
394
300
156
443
512
551
517
511
675
28
374
457
839
938
689
356
274
930
893
871
830
187
319
87
616
709
368
481
930
131
537
419
945
419
803
932
331
44
29
283
712
291
939
749
997
415
981
698
629
803
681
441
815
822
361
937
726
734
256
610
609
661
415
971
85
360
280
646
111
56
956
833
953
434
815
64
770
163
369
336
437
576
15
831
85
775
475
704
839
76
667
903
586
533
754
995
422
524
880
884
182
154
871
567
205
317
345
619
891
621
303
365
772
353
332
756
386
232
89
815
581
67
567
128
296
352
711
723
540
560
251
425
982
895
573
27
989
112
917
176
45
72
311
215
259
30
321
16
412
295
832
490
33
29
779
950
407
336
36
115
216
581
358
359
637
734
734
412
654
603
272
12
139
162
113
558
46
541
623
486
44
439
849
214
464
62
368
502
986
727
590
176
807
906
912
532
122
7
138
926
195
817
686
106
630
585
854
739
804
522
3
12
956
291
291
23
211
674
112
296
746
310
170
404
129
156
595
752
980
423
161
492
883
312
530
418
277
805
998
596
240
416
215
549
721
771
895
791
814
596
313
899
622
702
837
877
852
196
562
19
69
955
555
345
600
703
510
435
10
737
457
511
888
197
610
764
3
527
850
734
590
939
778
597
629
356
757
882
420
293
398
625
832
297
43
783
117
925
406
937
808
234
377
584
985
481
138
626
522
619
243
514
584
862
756
510
883
333
715
726
551
80
533
525
688
348
762
69
94
26
431
27
858
249
395
316
539
208
701
889
138
99
304
435
573
875
426
776
883
682
778
771
857
239
936
269
361
893
882
968
13
581
894
548
559
538
537
617
677
962
33
837
343
20
498
561
646
56
577
433
72
471
818
390
466
70
738
891
192
174
733
614
672
365
973
295
581
349
376
240
861
893
264
83
190
818
929
412
207
899
273
98
799
942
209
864
599
718
988
871
523
652
375
225
884
475
228
152
817
246
815
2
197
302
913
76
867
502
624
449
414
782
493
961
829
387
957
704
477
134
382
810
194
477
238
693
785
144
147
7
754
846
71
35
319
855
705
740
896
132
676
19
430
141
923
781
423
538
563
272
112
903
34
667
132
500
959
743
281
988
308
35
408
25
502
808
138
150
380
788
221
427
514
677
4
517
201
20
377
478
657
702
328
176
11
200
733
384
653
294
412
608
454
950
912
707
207
932
141
503
957
258
608
999
445
383
273
626
907
588
571
205
300
40
306
663
247
536
408
287
321
376
680
342
913
195
821
929
825
600
822
872
324
298
587
66
686
891
387
762
505
536
95
844
796
373
616
324
822
742
790
436
440
645
391
903
325
579
465
424
797
620
298
721
846
909
791
107
75
455
738
357
891
650
808
514
723
701
308
342
141
541
713
207
624
214
216
299
811
780
30
449
884
604
27
813
331
408
263
13
751
3
422
804
133
99
42
886
207
145
233
878
576
186
374
771
859
325
605
762
395
109
121
569
295
399
682
377
753
965
410
488
538
268
182
961
599
627
406
61
930
751
457
624
395
644
704
551
729
706
498
655
203
390
980
375
758
183
458
314
607
626
581
980
194
86
298
69
453
570
21
392
695
84
747
971
551
165
127
659
511
430
58
490
382
787
233
950
783
255
378
206
765
998
353
179
422
597
428
228
721
967
988
532
685
694
909
658
400
789
718
51
432
180
522
995
653
706
294
407
453
506
467
31
424
502
801
740
804
462
463
917
595
170
391
933
319
769
529
545
740
950
232
549
830
311
139
666
39
217
884
122
279
444
901
774
285
403
987
143
624
136
262
833
16
299
653
30
450
873
27
343
30
57
569
17
140
655
970
752
691
878
762
495
85
131
722
878
207
124
777
393
636
781
880
582
872
204
740
442
871
747
999
383
865
203
991
249
938
141
466
955
252
263
180
161
79
478
864
633
74
790
390
498
326
64
827
316
267
444
546
719
395
334
75
879
772
313
827
250
699
106
45
25
687
273
227
330
185
872
311
16
628
454
388
776
720
130
563
114
591
733
766
827
438
183
538
988
11
35
284
535
272
41
248
50
186
935
588
289
334
84
462
199
648
745
181
434
80
103
580
135
234
840
297
624
908
721
724
787
715
573
285
164
905
752
732
813
952
547
842
227
412
329
122
268
131
937
954
938
222
595
207
212
474
389
618
347
705
572
463
170
628
993
843
82
817
248
665
138
811
430
296
710
648
568
116
883
643
135
395
984
615
331
958
343
617
719
305
47
899
174
36
714
147
812
648
821
981
380
380
262
291
458
660
988
74
364
519
58
702
407
340
289
551
62
468
843
45
339
661
57
204
200
772
757
275
462
462
192
633
515
996
479
939
330
911
509
964
969
239
486
129
413
864
948
987
735
258
329
663
152
370
399
742
939
735
663
782
769
184
666
957
493
281
271
547
963
345
809
496
772
903
887
963
455
551
826
731
645
878
463
288
366
26
590
23
374
735
331
475
685
297
620
706
723
43
716
623
411
269
409
711
499
830
681
173
503
460
189
207
75
902
751
613
594
637
684
139
280
794
843
171
235
997
32
605
954
339
913
568
611
90
748
384
444
425
41
388
207
569
982
432
207
328
754
486
840
231
495
235
466
31
657
64
424
722
667
987
517
951
274
626
757
999
961
736
458
718
442
592
56
866
89
307
210
959
338
834
782
470
268
707
845
125
341
19
813
11
347
896
15
603
828
559
271
793
129
221
817
624
144
599
583
51
811
390
981
327
636
818
495
415
563
172
960
901
49
379
402
508
562
867
310
437
279
525
1000
871
944
292
199
568
385
495
108
146
956
91
291
273
711
759
75
934
260
320
591
841
288
108
79
193
492
854
548
71
885
872
191
953
195
25
339
63
588
530
128
288
578
641
884
507
283
910
898
405
915
555
881
155
134
322
219
295
389
505
482
330
362
721
790
384
784
150
781
283
286
242
351
418
697
216
789
369
699
986
699
131
351
264
941
11
731
36
564
36
406
501
503
213
824
396
57
798
138
116
843
231
215
170
230
985
754
453
328
665
708
16
898
565
351
611
83
237
900
64
158
47
817
543
970
588
745
760
84
966
639
715
610
596
918
669
312
941
183
689
11
33
500
729
25
299
869
869
850
250
72
68
159
922
518
97
847
193
886
258
427
806
539
86
963
799
665
522
815
192
78
671
113
852
793
221
846
619
752
807
900
812
480
533
221
337
140
580
292
831
252
873
570
929
752
117
532
657
879
701
939
759
310
687
81
845
250
435
460
640
191
193
100
283
469
303
965
123
112
538
715
780
160
708
383
260
622
801
227
573
769
814
998
578
121
475
452
300
206
857
279
781
617
486
89
59
97
726
872
378
227
38
399
948
89
842
490
271
325
752
100
157
944
702
309
632
881
510
579
636
843
602
681
954
172
538
929
292
613
842
378
391
479
321
828
34
167
213
301
892
573
636
754
762
309
163
309
754
91
838
114
293
349
923
552
880
977
993
7
279
982
16
187
729
31
534
169
581
688
635
460
351
274
203
4
257
276
521
355
911
656
670
336
562
668
741
811
610
992
39
258
954
126
410
815
257
217
258
537
901
329
976
594
6
583
554
786
401
732
353
212
981
275
616
299
932
943
55
650
708
259
8
780
665
959
730
781
51
683
900
561
580
335
741
704
38
379
364
820
8
422
287
475
842
150
443
494
856
116
488
877
750
183
436
338
554
480
204
888
735
423
134
775
386
289
59
838
368
115
145
998
678
792
844
49
902
170
857
107
718
378
727
456
157
835
631
598
683
175
807
873
479
685
829
602
836
899
337
98
94
179
249
654
139
747
447
929
685
981
29
896
115
983
793
19
25
196
271
130
580
741
604
939
484
524
681
822
492
805
307
973
336
946
129
708
276
700
786
47
589
749
178
553
703
72
700
116
938
688
821
440
162
486
221
167
407
515
796
845
831
876
546
128
499
762
240
450
42
367
462
731
773
598
851
163
680
547
613
921
219
472
509
438
206
981
644
133
940
457
166
742
176
371
945
161
184
378
517
681
917
448
738
228
379
428
772
837
755
912
258
116
270
24
29
860
267
832
260
311
92
261
193
632
422
747
761
389
912
675
436
501
520
641
525
343
579
840
646
63
534
841
983
765
996
840
504
783
532
311
419
601
640
650
233
824
603
957
281
318
354
391
101
480
25
760
217
256
333
564
589
966
136
138
440
674
718
995
654
165
364
952
719
526
904
797
51
506
476
490
470
244
680
438
815
159
115
647
420
404
840
384
886
226
464
404
903
942
557
462
25
251
642
803
785
918
320
686
93
448
88
588
527
177
487
666
202
646
222
125
114
12
243
316
524
276
32
668
203
508
275
398
497
890
636
349
467
963
314
138
696
198
570
511
145
408
825
623
457
584
617
706
582
525
725
168
954
509
326
615
1
592
331
232
635
759
461
708
785
985
461
925
6
753
39
355
237
454
709
617
185
315
943
576
458
896
667
400
343
361
343
399
396
553
371
778
191
243
674
38
394
244
431
662
849
806
433
945
236
567
915
358
683
991
691
687
893
548
380
87
753
329
19
561
455
455
517
853
354
918
600
80
818
333
539
964
409
755
417
317
693
897
711
520
972
251
263
271
707
512
969
237
16
283
793
51
343
434
236
228
563
657
392
789
555
636
522
580
981
514
871
699
469
279
411
901
479
396
286
310
748
633
13
314
671
216
39
86
594
87
418
669
638
189
405
70
866
241
330
669
981
426
619
559
268
491
495
419
650
491
166
211
205
343
249
709
909
263
431
715
689
807
724
924
375
945
602
414
852
830
359
780
302
751
204
119
175
402
20
936
109
782
341
146
108
905
575
998
456
793
286
405
98
793
420
569
308
225
346
664
577
255
594
465
904
845
757
676
90
225
111
851
223
351
724
682
878
235
537
765
903
829
830
253
627
3
562
7
570
283
353
987
728
704
195
650
732
30
333
64
848
156
848
455
258
561
362
720
934
191
353
305
238
895
936
906
642
614
798
298
437
12
121
803
851
556
982
526
448
508
898
572
240
303
415
644
447
208
796
857
579
60
181
188
637
894
682
769
595
226
403
747
132
828
552
467
613
269
258
782
330
489
796
237
84
217
474
376
12
188
280
945
271
367
203
759
474
821
344
993
74
521
555
277
742
279
956
524
849
514
258
790
744
464
810
604
676
438
37
68
292
968
736
344
968
307
884
677
904
3
783
317
994
845
260
974
560
914
41
823
952
931
512
403
7
742
569
948
728
107
664
189
286
758
138
122
787
76
946
524
345
854
921
727
433
846
93
366
158
127
305
969
496
355
571
200
705
849
372
436
111
721
102
686
114
259
365
12
515
122
348
645
688
257
438
287
199
11
141
96
902
519
157
630
260
417
86
884
647
731
214
981
296
465
491
598
102
206
751
136
963
959
901
923
904
144
274
519
624
297
74
528
272
142
788
61
660
150
201
447
920
36
546
150
691
130
445
921
801
578
407
